97 
21 
93 
81 
97 
12 
93 
82 
17 
13 
13 
03 
23 
a0 
93 
82 
e3 
ec 
17 
05 
13 
05 
ef 
00 
ef 
00 
03 
25 
93 
05 
13 
06 
ef 
00 
6f 
00 
67 
80 
37 
15 
b7 
17 
13 
07 
93 
87 
b3 
87 
13 
07 
63 
7a 
93 
02 
63 
86 
13 
05 
67 
80 
67 
80 
37 
15 
b7 
17 
93 
05 
93 
87 
b3 
87 
93 
d7 
93 
d5 
b3 
85 
93 
d5 
63 
8a 
93 
02 
63 
86 
13 
05 
67 
80 
67 
80 
13 
01 
23 
24 
83 
c7 
23 
26 
63 
92 
ef 
f0 
93 
07 
63 
88 
37 
15 
13 
05 
ef 
f0 
93 
07 
23 
8c 
83 
20 
03 
24 
13 
01 
67 
80 
13 
01 
93 
07 
23 
26 
63 
8a 
37 
15 
93 
85 
13 
05 
ef 
f0 
37 
15 
13 
05 
83 
27 
63 
98 
83 
20 
13 
01 
6f 
f0 
93 
07 
e3 
88 
e7 
80 
6f 
f0 
13 
01 
23 
2e 
13 
04 
93 
07 
23 
26 
93 
07 
23 
24 
03 
27 
83 
27 
b3 
07 
23 
22 
93 
07 
13 
85 
03 
24 
13 
01 
67 
80 
93 
05 
93 
06 
13 
06 
13 
05 
6f 
00 
13 
01 
93 
05 
23 
24 
23 
26 
13 
04 
ef 
00 
03 
a5 
83 
27 
63 
84 
e7 
80 
13 
05 
ef 
00 
13 
01 
23 
24 
b7 
17 
37 
14 
23 
20 
93 
87 
13 
09 
33 
89 
13 
59 
23 
22 
23 
26 
13 
04 
93 
04 
63 
0c 
83 
27 
93 
84 
13 
04 
e7 
80 
e3 
18 
37 
14 
ef 
f0 
b7 
17 
13 
09 
93 
87 
33 
89 
13 
59 
13 
04 
93 
04 
63 
0c 
83 
27 
93 
84 
13 
04 
e7 
80 
e3 
18 
83 
20 
03 
24 
83 
24 
03 
29 
13 
01 
67 
80 
13 
01 
23 
24 
23 
22 
37 
14 
b7 
14 
93 
84 
13 
04 
33 
04 
13 
54 
93 
17 
93 
87 
23 
26 
b3 
84 
63 
0c 
83 
a7 
13 
04 
93 
84 
e7 
80 
e3 
18 
83 
20 
03 
24 
83 
24 
13 
01 
6f 
f0 
13 
01 
23 
2c 
03 
a4 
23 
2a 
93 
04 
03 
25 
23 
2e 
63 
02 
83 
27 
13 
07 
13 
88 
63 
58 
93 
07 
63 
8c 
13 
05 
23 
26 
23 
24 
23 
22 
ef 
f0 
83 
25 
03 
26 
83 
26 
63 
0a 
83 
27 
13 
08 
23 
22 
23 
20 
23 
24 
93 
07 
23 
24 
23 
26 
13 
97 
63 
94 
33 
07 
23 
22 
13 
05 
23 
24 
83 
20 
03 
24 
83 
24 
13 
01 
67 
80 
b3 
02 
23 
a4 
83 
28 
13 
06 
b3 
17 
33 
e6 
23 
24 
23 
a4 
93 
06 
e3 
9c 
83 
26 
b3 
e7 
23 
26 
6f 
f0 
13 
05 
23 
24 
6f 
f0 
13 
05 
6f 
f0 
13 
01 
23 
2e 
83 
ab 
23 
20 
23 
28 
23 
24 
23 
22 
23 
2c 
23 
2a 
23 
2e 
23 
2c 
23 
2a 
23 
26 
23 
28 
23 
26 
93 
0a 
13 
89 
13 
8c 
13 
0a 
93 
0c 
13 
0b 
83 
a9 
63 
8e 
93 
0d 
03 
a4 
93 
14 
13 
04 
b3 
84 
63 
4e 
63 
0e 
83 
a7 
63 
0a 
13 
04 
93 
84 
e3 
16 
63 
04 
83 
a7 
63 
98 
83 
a7 
63 
8e 
13 
85 
23 
a0 
ef 
f0 
83 
a9 
e3 
98 
83 
20 
03 
24 
83 
24 
03 
29 
83 
29 
03 
2a 
83 
2a 
03 
2b 
83 
2b 
03 
2c 
83 
2c 
03 
2d 
83 
2d 
13 
01 
67 
80 
83 
a7 
03 
a7 
93 
87 
63 
8a 
23 
a2 
e3 
0e 
83 
a7 
b3 
16 
03 
ad 
b3 
f7 
63 
88 
83 
a7 
b3 
f6 
63 
9a 
83 
a5 
13 
85 
e7 
00 
83 
a7 
e3 
9e 
83 
a7 
e3 
80 
6f 
f0 
e7 
00 
6f 
f0 
23 
a2 
6f 
f0 
03 
a5 
e7 
00 
6f 
f0 
83 
a7 
93 
8d 
93 
89 
e3 
98 
6f 
f0 
93 
07 
6f 
f0 
13 
01 
23 
26 
23 
24 
13 
04 
ef 
00 
83 
20 
b3 
07 
23 
20 
03 
24 
13 
05 
13 
01 
67 
80 
93 
06 
93 
08 
73 
00 
e3 
42 
67 
80 
93 
08 
73 
00 
e3 
4a 
67 
80 
93 
05 
93 
06 
13 
06 
93 
08 
73 
00 
e3 
4c 
93 
55 
67 
80 
93 
06 
93 
08 
73 
00 
e3 
40 
67 
80 
93 
06 
93 
08 
73 
00 
e3 
46 
67 
80 
13 
06 
93 
06 
93 
08 
73 
00 
e3 
4a 
67 
80 
13 
06 
93 
06 
93 
08 
73 
00 
e3 
4e 
67 
80 
13 
06 
93 
06 
93 
08 
73 
00 
e3 
42 
67 
80 
93 
08 
73 
00 
e3 
4a 
67 
80 
13 
06 
93 
06 
93 
08 
73 
00 
e3 
4e 
67 
80 
93 
08 
73 
00 
e3 
46 
67 
80 
93 
05 
13 
06 
93 
06 
93 
08 
73 
00 
e3 
48 
67 
80 
13 
06 
93 
06 
93 
08 
73 
00 
e3 
4c 
67 
80 
93 
05 
13 
06 
93 
06 
93 
08 
73 
00 
e3 
4e 
67 
80 
13 
01 
23 
26 
ef 
00 
83 
20 
93 
07 
23 
20 
13 
01 
13 
05 
67 
80 
13 
01 
23 
26 
ef 
00 
83 
20 
93 
07 
23 
20 
13 
01 
13 
05 
67 
80 
13 
05 
67 
80 
13 
01 
23 
26 
ef 
00 
83 
20 
93 
07 
23 
20 
13 
01 
13 
05 
67 
80 
13 
01 
23 
26 
ef 
00 
83 
20 
93 
07 
23 
20 
13 
01 
13 
05 
67 
80 
13 
01 
93 
05 
13 
06 
93 
06 
93 
08 
73 
00 
e3 
42 
93 
07 
63 
08 
03 
25 
13 
55 
13 
75 
13 
01 
67 
80 
13 
01 
23 
2c 
13 
84 
83 
27 
83 
26 
23 
2a 
23 
2e 
b3 
e7 
93 
04 
63 
90 
13 
85 
93 
05 
13 
06 
93 
06 
93 
08 
73 
00 
e3 
42 
13 
05 
93 
05 
13 
06 
93 
06 
93 
08 
73 
00 
e3 
44 
03 
25 
83 
27 
83 
25 
03 
27 
33 
85 
b3 
b7 
b3 
05 
37 
46 
b3 
85 
13 
06 
93 
06 
ef 
00 
03 
27 
83 
27 
83 
20 
23 
a4 
b3 
87 
33 
05 
23 
a0 
23 
a6 
23 
a2 
13 
05 
03 
24 
83 
24 
13 
01 
67 
80 
93 
05 
13 
06 
93 
06 
93 
08 
73 
00 
e3 
44 
67 
80 
13 
07 
93 
07 
23 
14 
23 
20 
23 
22 
13 
05 
67 
80 
13 
05 
67 
80 
13 
05 
67 
80 
13 
05 
67 
80 
13 
05 
67 
80 
13 
05 
67 
80 
93 
07 
63 
18 
37 
45 
13 
05 
67 
80 
13 
05 
67 
80 
03 
a7 
93 
07 
63 
16 
13 
87 
23 
a8 
33 
85 
93 
05 
13 
06 
93 
06 
93 
08 
73 
00 
e3 
4a 
83 
a6 
13 
07 
b3 
87 
63 
16 
23 
a8 
13 
87 
13 
05 
67 
80 
93 
05 
13 
06 
93 
06 
93 
08 
73 
00 
e3 
4e 
6f 
00 
13 
01 
23 
22 
b7 
0c 
23 
24 
13 
84 
23 
28 
33 
7b 
33 
74 
23 
20 
23 
2e 
23 
24 
93 
09 
13 
5c 
13 
89 
13 
05 
93 
05 
23 
26 
23 
22 
23 
2c 
23 
2a 
13 
0a 
23 
26 
23 
20 
93 
5b 
13 
8d 
ef 
00 
93 
0a 
93 
05 
13 
05 
ef 
00 
93 
04 
93 
85 
13 
05 
ef 
00 
13 
04 
93 
85 
13 
05 
ef 
00 
33 
05 
93 
d7 
33 
85 
63 
74 
33 
04 
b7 
07 
13 
87 
b3 
74 
93 
57 
33 
f7 
93 
05 
13 
85 
93 
94 
33 
84 
b3 
84 
ef 
00 
93 
09 
93 
05 
13 
05 
ef 
00 
83 
20 
b3 
85 
b3 
85 
13 
85 
03 
24 
83 
24 
03 
29 
83 
29 
03 
2a 
83 
2a 
03 
2b 
83 
2b 
03 
2c 
83 
2c 
03 
2d 
13 
01 
67 
80 
13 
06 
13 
05 
93 
96 
63 
d4 
33 
05 
93 
d5 
13 
16 
e3 
96 
67 
80 
03 
a5 
67 
80 
43 
00 
fc 
00 
b8 
00 
00 
00 
10 
00 
00 
00 
01 
7a 
01 
04 
1b 
0d 
10 
00 
18 
00 
d8 
f6 
14 
00 
00 
00 
18 
00 
2c 
00 
d8 
f6 
30 
00 
00 
44 
4c 
11 
11 
01 
20 
00 
48 
00 
ec 
f6 
a0 
00 
00 
44 
48 
11 
4c 
11 
54 
11 
11 
01 
1c 
00 
6c 
00 
68 
f7 
60 
00 
00 
44 
48 
11 
11 
09 
11 
01 
1c 
00 
8c 
00 
a8 
f7 
f4 
00 
00 
44 
48 
11 
48 
11 
4c 
11 
3c 
00 
ac 
00 
7c 
f8 
80 
01 
00 
44 
48 
11 
48 
11 
70 
11 
11 
14 
15 
79 
76 
11 
11 
01 
08 
7e 
7d 
11 
11 
1a 
1b 
73 
18 
00 
ec 
00 
bc 
f9 
30 
00 
00 
44 
48 
11 
11 
08 
10 
00 
08 
01 
d0 
f9 
14 
00 
00 
00 
10 
00 
1c 
01 
d0 
f9 
10 
00 
00 
00 
10 
00 
30 
01 
cc 
f9 
20 
00 
00 
00 
10 
00 
44 
01 
d8 
f9 
14 
00 
00 
00 
10 
00 
58 
01 
d8 
f9 
14 
00 
00 
00 
10 
00 
6c 
01 
d8 
f9 
18 
00 
00 
00 
10 
00 
80 
01 
dc 
f9 
18 
00 
00 
00 
10 
00 
94 
01 
e0 
f9 
18 
00 
00 
00 
10 
00 
a8 
01 
e4 
f9 
10 
00 
00 
00 
10 
00 
bc 
01 
e0 
f9 
18 
00 
00 
00 
10 
00 
d0 
01 
e4 
f9 
10 
00 
00 
00 
10 
00 
e4 
01 
e0 
f9 
1c 
00 
00 
00 
10 
00 
f8 
01 
e8 
f9 
18 
00 
00 
00 
10 
00 
0c 
02 
ec 
f9 
1c 
00 
00 
00 
14 
00 
20 
02 
f4 
f9 
24 
00 
00 
44 
44 
11 
14 
00 
38 
02 
00 
fa 
24 
00 
00 
44 
44 
11 
10 
00 
50 
02 
0c 
fa 
08 
00 
00 
00 
14 
00 
64 
02 
00 
fa 
24 
00 
00 
44 
44 
11 
14 
00 
7c 
02 
0c 
fa 
24 
00 
00 
44 
44 
11 
14 
00 
94 
02 
18 
fa 
38 
00 
00 
44 
01 
00 
1c 
00 
ac 
02 
38 
fa 
c8 
00 
00 
44 
48 
11 
54 
11 
11 
01 
10 
00 
cc 
02 
e0 
fa 
1c 
00 
00 
00 
10 
00 
e0 
02 
e8 
fa 
1c 
00 
00 
00 
10 
00 
f4 
02 
f0 
fa 
08 
00 
00 
00 
10 
00 
08 
03 
e4 
fa 
08 
00 
00 
00 
10 
00 
1c 
03 
d8 
fa 
08 
00 
00 
00 
10 
00 
30 
03 
cc 
fa 
08 
00 
00 
00 
10 
00 
44 
03 
c0 
fa 
08 
00 
00 
00 
10 
00 
58 
03 
b4 
fa 
1c 
00 
00 
00 
10 
00 
6c 
03 
bc 
fa 
50 
00 
00 
00 
10 
00 
80 
03 
f8 
fa 
1c 
00 
00 
00 
3c 
00 
94 
03 
00 
fb 
2c 
01 
00 
44 
44 
11 
48 
11 
48 
11 
54 
11 
11 
13 
18 
76 
01 
7f 
7d 
11 
11 
15 
11 
17 
1a 
74 
10 
00 
d4 
03 
10 
fc 
08 
00 
00 
00 
00 
00 
00 
00 
00 
00 
6c 
11 
d4 
11 
3c 
12 
00 
00 
00 
00 
00 
00 
00 
00 
00 
00 
00 
00 
00 
00 
00 
00 
00 
00 
84 
0a 
00 
00 
00 
00 
00 
00 
00 
00 
00 
00 
00 
00 
00 
00 
00 
00 
00 
00 
00 
00 
00 
00 
00 
00 
00 
00 
00 
00 
00 
00 
00 
00 
00 
00 
00 
00 
00 
00 
00 
00 
00 
00 
00 
00 
00 
00 
00 
00 
00 
00 
00 
00 
00 
00 
00 
00 
01 
00 
00 
00 
0e 
33 
34 
12 
ec 
de 
0b 
00 
00 
00 
00 
00 
00 
00 
00 
00 
00 
00 
00 
00 
00 
00 
00 
00 
00 
00 
00 
00 
00 
00 
00 
00 
00 
00 
00 
00 
00 
00 
00 
00 
00 
00 
00 
00 
00 
00 
00 
00 
00 
00 
00 
00 
00 
00 
00 
00 
00 
00 
00 
00 
00 
00 
00 
00 
00 
00 
00 
00 
00 
00 
00 
00 
00 
00 
00 
00 
00 
00 
00 
00 
00 
00 
00 
00 
00 
00 
00 
00 
00 
00 
00 
00 
00 
00 
00 
00 
00 
00 
00 
00 
00 
00 
00 
00 
00 
00 
00 
00 
00 
00 
00 
00 
00 
00 
00 
00 
00 
00 
00 
00 
00 
00 
00 
00 
00 
00 
00 
00 
00 
00 
00 
00 
00 
00 
00 
00 
00 
00 
00 
00 
00 
00 
00 
00 
00 
00 
00 
00 
00 
00 
00 
00 
00 
00 
00 
00 
00 
00 
00 
00 
00 
00 
00 
00 
00 
00 
00 
00 
00 
00 
00 
00 
00 
00 
00 
00 
00 
00 
00 
00 
00 
00 
00 
00 
00 
00 
00 
00 
00 
00 
00 
00 
00 
00 
00 
00 
00 
00 
00 
00 
00 
00 
00 
00 
00 
00 
00 
00 
00 
00 
00 
00 
00 
00 
00 
00 
00 
00 
00 
00 
00 
00 
00 
00 
00 
00 
00 
00 
00 
00 
00 
00 
00 
00 
00 
00 
00 
00 
00 
00 
00 
00 
00 
00 
00 
00 
00 
00 
00 
00 
00 
00 
00 
00 
00 
00 
00 
00 
00 
00 
00 
00 
00 
00 
00 
00 
00 
00 
00 
00 
00 
00 
00 
00 
00 
00 
00 
00 
00 
00 
00 
00 
00 
00 
00 
00 
00 
00 
00 
00 
00 
00 
00 
00 
00 
00 
00 
00 
00 
00 
00 
00 
00 
00 
00 
00 
00 
00 
00 
00 
00 
00 
00 
00 
00 
00 
00 
00 
00 
00 
00 
00 
00 
00 
00 
00 
00 
00 
00 
00 
00 
00 
00 
00 
00 
00 
00 
00 
00 
00 
00 
00 
00 
00 
00 
00 
00 
00 
00 
00 
00 
00 
00 
00 
00 
00 
00 
00 
00 
00 
00 
00 
00 
00 
00 
00 
00 
00 
00 
00 
00 
00 
00 
00 
00 
00 
00 
00 
00 
00 
00 
00 
00 
00 
00 
00 
00 
00 
00 
00 
00 
00 
00 
00 
00 
00 
00 
00 
00 
00 
00 
00 
00 
00 
00 
00 
00 
00 
00 
00 
00 
00 
00 
00 
00 
00 
00 
00 
00 
00 
00 
00 
00 
00 
00 
00 
00 
00 
00 
00 
00 
00 
00 
00 
00 
00 
00 
00 
00 
00 
00 
00 
00 
00 
00 
00 
00 
00 
00 
00 
80 
0e 
80 
0e 
00 
00 
00 
00 
00 
00 
00 
00 
00 
00 
00 
00 
00 
00 
00 
00 
00 
00 
00 
00 
00 
00 
00 
00 
00 
00 
00 
00 
00 
00 
00 
00 
00 
00 
00 
00 
00 
00 
00 
00 
00 
00 
00 
00 
00 
00 
00 
00 
00 
00 
00 
00 
00 
00 
00 
00 
00 
00 
00 
00 
00 
00 
00 
00 
00 
00 
00 
00 
00 
00 
00 
00 
00 
00 
00 
00 
00 
00 
00 
00 
00 
00 
00 
00 
00 
00 
00 
00 
00 
00 
00 
00 
00 
00 
00 
00 
00 
00 
00 
00 
00 
00 
00 
00 
00 
00 
00 
00 
00 
00 
00 
00 
00 
00 
00 
00 
00 
00 
00 
00 
00 
00 
00 
00 
00 
00 
00 
00 
00 
00 
00 
00 
00 
00 
00 
00 
00 
00 
00 
00 
00 
00 
00 
00 
00 
00 
00 
00 
00 
00 
00 
00 
00 
00 
00 
00 
00 
00 
00 
00 
00 
00 
00 
00 
00 
00 
00 
00 
00 
00 
00 
00 
00 
00 
00 
00 
00 
00 
00 
00 
00 
00 
00 
00 
00 
00 
00 
00 
00 
00 
00 
00 
00 
00 
00 
00 
00 
00 
00 
00 
00 
00 
00 
00 
00 
00 
00 
00 
00 
00 
00 
00 
00 
00 
00 
00 
00 
00 
00 
00 
00 
00 
00 
00 
00 
00 
00 
00 
00 
00 
00 
00 
00 
00 
00 
00 
00 
00 
00 
00 
00 
00 
00 
00 
00 
00 
00 
00 
00 
00 
00 
00 
00 
00 
00 
00 
00 
00 
00 
00 
00 
00 
00 
00 
00 
00 
00 
00 
00 
00 
00 
00 
00 
00 
00 
00 
00 
00 
00 
00 
00 
00 
00 
00 
00 
00 
00 
00 
00 
00 
00 
00 
00 
00 
00 
00 
00 
00 
00 
00 
00 
00 
00 
00 
00 
00 
00 
00 
00 
00 
00 
00 
00 
00 
00 
00 
00 
00 
00 
00 
00 
00 
00 
00 
00 
00 
00 
00 
00 
00 
00 
00 
00 
00 
00 
00 
00 
00 
00 
00 
00 
00 
00 
00 
00 
00 
00 
00 
00 
00 
00 
00 
00 
00 
00 
00 
00 
00 
00 
00 
00 
00 
00 
00 
00 
00 
00 
00 
00 
00 
00 
00 
00 
00 
00 
00 
00 
00 
00 
00 
00 
00 
00 
00 
00 
00 
00 
00 
00 
00 
00 
00 
00 
00 
00 
00 
00 
00 
00 
00 
00 
00 
00 
00 
00 
00 
00 
00 
00 
00 
00 
00 
00 
00 
00 
00 
00 
00 
00 
00 
00 
00 
00 
00 
00 
00 
00 
00 
00 
00 
00 
00 
00 
00 
00 
00 
00 
00 
00 
00 
00 
00 
00 
00 
00 
00 
00 
00 
00 
00 
00 
00 
00 
00 
00 
00 
00 
00 
00 
00 
00 
00 
00 
00 
00 
00 
00 
00 
00 
00 
00 
00 
00 
00 
00 
00 
00 
00 
00 
00 
00 
00 
00 
00 
00 
00 
00 
00 
00 
00 
00 
00 
00 
00 
00 
00 
00 
00 
00 
00 
00 
00 
00 
00 
00 
00 
00 
00 
00 
00 
00 
00 
00 
00 
00 
00 
00 
00 
00 
00 
00 
00 
00 
00 
00 
00 
00 
00 
00 
00 
00 
00 
00 
00 
00 
00 
00 
00 
00 
00 
00 
00 
00 
00 
00 
00 
00 
00 
00 
00 
00 
00 
00 
00 
00 
00 
00 
00 
00 
00 
00 
00 
00 
00 
00 
00 
00 
00 
00 
00 
00 
00 
00 
00 
00 
00 
00 
00 
00 
00 
00 
00 
00 
00 
00 
00 
00 
00 
00 
00 
00 
00 
00 
00 
00 
00 
00 
00 
00 
00 
00 
00 
00 
00 
00 
00 
00 
00 
00 
00 
00 
00 
00 
00 
00 
00 
00 
00 
00 
00 
00 
00 
00 
00 
00 
00 
00 
00 
00 
00 
00 
00 
00 
00 
00 
00 
00 
00 
00 
00 
00 
00 
00 
00 
00 
00 
00 
00 
00 
00 
00 
00 
00 
00 
00 
00 
00 
00 
00 
00 
00 
00 
00 
00 
00 
00 
00 
00 
00 
00 
00 
00 
00 
00 
00 
00 
00 
00 
00 
00 
00 
00 
00 
00 
00 
00 
00 
00 
00 
00 
00 
00 
00 
00 
00 
00 
00 
00 
00 
00 
00 
00 
00 
00 
00 
00 
00 
00 
00 
00 
00 
00 
00 
00 
00 
00 
00 
00 
00 
00 
00 
00 
00 
00 
00 
00 
00 
00 
00 
00 
00 
00 
00 
00 
00 
00 
00 
00 
00 
00 
00 
00 
00 
00 
00 
00 
00 
00 
00 
00 
00 
00 
00 
00 
00 
00 
00 
00 
00 
00 
00 
00 
00 
00 
00 
00 
00 
00 
00 
00 
00 
00 
00 
00 
00 
00 
00 
00 
00 
00 
00 
00 
00 
00 
00 
00 
00 
00 
00 
00 
00 
00 
00 
00 
00 
00 
00 
00 
00 
00 
00 
00 
00 
00 
00 
00 
00 
00 
00 
00 
00 
00 
00 
00 
00 
00 
00 
00 
00 
00 
00 
00 
00 
00 
00 
00 
00 
00 
00 
00 
00 
00 
00 
00 
00 
00 
00 
00 
00 
00 
00 
00 
00 
00 
00 
00 
00 
00 
00 
00 
00 
00 
00 
00 
00 
00 
00 
00 
00 
00 
00 
00 
00 
00 
00 
00 
00 
00 
00 
00 
00 
00 
00 
00 
00 
00 
00 
00 
00 
00 
00 
00 
00 
00 
00 
00 
00 
00 
00 
00 
00 
00 
00 
00 
00 
00 
00 
00 
00 
00 
00 
00 
00 
00 
00 
00 
00 
00 
00 
00 
00 
00 
00 
00 
00 
00 
00 
00 
00 
00 
00 
00 
00 
00 
00 
00 
00 
00 
00 
00 
00 
00 
00 
00 
00 
00 
00 
00 
00 
00 
00 
00 
00 
00 
00 
00 
00 
00 
00 
00 
00 
00 
00 
00 
00 
00 
00 
00 
00 
00 
00 
00 
00 
00 
00 
00 
00 
00 
00 
00 
00 
00 
00 
00 
00 
00 
00 
00 
00 
00 
00 
00 
00 
00 
00 
00 
00 
00 
00 
00 
00 
00 
00 
00 
00 
00 
00 
00 
00 
00 
00 
00 
00 
00 
00 
00 
00 
00 
00 
00 
00 
00 
00 
00 
00 
00 
00 
00 
00 
00 
00 
00 
00 
00 
00 
00 
00 
00 
00 
00 
00 
00 
00 
00 
00 
00 
00 
00 
00 
00 
00 
00 
00 
00 
00 
00 
00 
00 
00 
00 
00 
00 
00 
00 
00 
00 
00 
00 
00 
00 
00 
00 
00 
00 
00 
00 
00 
00 
00 
00 
00 
00 
00 
00 
00 
00 
00 
00 
00 
00 
00 
00 
00 
00 
00 
00 
00 
00 
00 
00 
00 
00 
00 
00 
00 
00 
00 
00 
00 
00 
00 
00 
00 
00 
00 
00 
00 
00 
00 
00 
00 
00 
00 
00 
00 
00 
00 
00 
00 
00 
00 
00 
00 
00 
00 
00 
00 
00 
00 
00 
00 
00 
00 
00 
00 
00 
00 
00 
00 
00 
00 
00 
00 
00 
00 
00 
00 
00 
00 
00 
00 
00 
00 
00 
00 
00 
00 
00 
00 
00 
00 
00 
00 
00 
00 
00 
00 
00 
00 
00 
00 
00 
00 
00 
00 
00 
00 
00 
00 
00 
00 
00 
00 
00 
00 
00 
00 
00 
00 
00 
00 
00 
00 
00 
00 
00 
00 
00 
00 
00 
00 
00 
00 
00 
00 
00 
00 
00 
00 
00 
00 
00 
00 
00 
00 
00 
00 
00 
00 
00 
00 
00 
00 
00 
00 
00 
00 
00 
00 
00 
00 
00 
00 
00 
00 
00 
00 
00 
00 
00 
00 
00 
00 
00 
00 
00 
00 
00 
00 
00 
00 
00 
00 
00 
00 
00 
00 
00 
00 
00 
00 
00 
00 
00 
00 
00 
00 
00 
00 
00 
00 
00 
00 
00 
00 
00 
00 
00 
00 
00 
00 
00 
00 
00 
00 
00 
00 
00 
00 
00 
00 
00 
00 
00 
00 
00 
00 
00 
00 
00 
00 
00 
00 
00 
00 
00 
00 
00 
00 
00 
00 
00 
00 
00 
00 
00 
00 
00 
00 
00 
00 
00 
00 
00 
00 
00 
00 
00 
00 
00 
00 
00 
00 
00 
00 
00 
00 
00 
00 
00 
00 
00 
00 
00 
00 
00 
00 
00 
00 
00 
00 
00 
00 
00 
00 
00 
00 
00 
00 
00 
00 
00 
00 
00 
00 
00 
00 
00 
00 
00 
00 
00 
00 
00 
00 
00 
00 
00 
00 
00 
00 
00 
00 
00 
00 
00 
00 
00 
00 
00 
00 
00 
00 
00 
00 
00 
00 
00 
00 
00 
00 
00 
00 
00 
00 
00 
00 
00 
00 
00 
00 
00 
00 
00 
00 
00 
00 
00 
00 
00 
00 
00 
00 
00 
00 
00 
00 
00 
00 
00 
00 
00 
00 
00 
00 
00 
00 
00 
00 
00 
00 
00 
00 
00 
00 
00 
00 
00 
00 
00 
00 
00 
00 
00 
00 
00 
00 
00 
00 
00 
00 
00 
00 
00 
00 
00 
00 
00 
00 
00 
00 
00 
00 
00 
00 
00 
00 
00 
00 
00 
00 
00 
00 
00 
00 
00 
00 
00 
00 
00 
00 
00 
00 
00 
00 
00 
00 
00 
00 
00 
00 
00 
00 
00 
00 
00 
00 
00 
00 
00 
00 
00 
00 
00 
00 
00 
00 
00 
00 
00 
00 
00 
00 
00 
00 
00 
00 
00 
00 
00 
00 
00 
00 
00 
00 
00 
00 
00 
00 
00 
00 
00 
00 
00 
00 
00 
00 
00 
00 
00 
00 
00 
00 
00 
00 
00 
00 
00 
00 
00 
00 
00 
00 
00 
00 
00 
00 
00 
00 
00 
00 
00 
00 
00 
00 
00 
00 
00 
00 
00 
00 
00 
00 
00 
00 
00 
00 
00 
00 
00 
00 
00 
00 
00 
00 
00 
00 
00 
00 
00 
00 
00 
00 
00 
00 
00 
00 
00 
00 
00 
00 
00 
00 
00 
00 
00 
00 
00 
00 
00 
00 
00 
00 
00 
00 
00 
00 
00 
00 
00 
00 
00 
00 
00 
00 
00 
00 
00 
00 
00 
00 
00 
00 
00 
00 
00 
00 
00 
00 
00 
00 
00 
00 
00 
00 
00 
00 
00 
00 
00 
00 
00 
00 
00 
00 
00 
00 
00 
00 
00 
00 
00 
00 
00 
00 
00 
00 
00 
00 
00 
00 
00 
00 
00 
00 
00 
00 
00 
00 
00 
00 
00 
00 
00 
00 
00 
00 
00 
00 
00 
00 
00 
