00 
00 
01 
ab 
00 
00 
82 
2b 
00 
00 
83 
2e 
02 
00 
42 
00 
62 
fe 
00 
00 
85 
24 
c0 
15 
c0 
19 
01 
00 
41 
00 
00 
00 
80 
10 
80 
15 
00 
00 
01 
00 
01 
00 
85 
2a 
b7 
2a 
e7 
40 
60 
00 
f7 
00 
00 
00 
02 
00 
85 
2a 
02 
00 
00 
00 
01 
00 
01 
00 
85 
2a 
87 
2a 
b7 
40 
27 
40 
f7 
01 
f5 
00 
15 
40 
05 
00 
00 
00 
02 
00 
85 
2a 
02 
00 
00 
00 
01 
ff 
81 
00 
81 
81 
11 
00 
07 
02 
1f 
f8 
00 
00 
07 
00 
01 
00 
05 
a9 
1e 
f2 
10 
00 
f1 
80 
c1 
00 
81 
00 
01 
01 
00 
00 
01 
ff 
00 
00 
11 
00 
07 
00 
01 
00 
c1 
81 
05 
a9 
9e 
ee 
01 
00 
85 
e7 
05 
00 
07 
00 
c1 
00 
01 
01 
9f 
f4 
00 
00 
07 
fe 
07 
00 
9f 
fe 
01 
fe 
81 
00 
01 
02 
30 
00 
f4 
fe 
40 
00 
f4 
fe 
c4 
fe 
84 
fe 
f7 
00 
f4 
fe 
00 
00 
07 
00 
c1 
01 
01 
02 
00 
00 
05 
00 
00 
00 
00 
00 
00 
00 
40 
13 
01 
ff 
00 
00 
81 
00 
11 
00 
05 
00 
00 
21 
41 
80 
c5 
03 
07 
00 
07 
00 
04 
00 
80 
74 
01 
ff 
81 
00 
01 
00 
01 
00 
21 
01 
87 
a8 
84 
a8 
27 
41 
29 
40 
91 
00 
11 
00 
84 
a8 
00 
00 
09 
00 
04 
00 
14 
00 
44 
00 
07 
00 
99 
fe 
01 
00 
df 
e2 
01 
00 
84 
a8 
c7 
a8 
27 
41 
29 
40 
84 
a8 
00 
00 
09 
00 
04 
00 
14 
00 
44 
00 
07 
00 
99 
fe 
c1 
00 
81 
00 
41 
00 
01 
00 
01 
01 
00 
00 
01 
ff 
81 
00 
91 
00 
01 
00 
01 
00 
c4 
a8 
04 
a9 
94 
40 
24 
40 
24 
00 
c7 
ff 
11 
00 
97 
00 
04 
00 
04 
00 
f4 
ff 
c4 
ff 
07 
00 
04 
fe 
c1 
00 
81 
00 
41 
00 
01 
01 
1f 
d8 
01 
fe 
81 
00 
41 
80 
91 
00 
05 
00 
84 
14 
11 
00 
05 
0c 
45 
00 
f0 
01 
17 
00 
f7 
04 
00 
00 
07 
0a 
00 
19 
b1 
00 
c1 
00 
d1 
00 
de 
ce 
c1 
00 
81 
00 
41 
00 
05 
08 
84 
14 
10 
00 
05 
00 
f5 
00 
a4 
14 
00 
00 
05 
18 
05 
18 
27 
00 
04 
02 
e5 
00 
05 
01 
00 
00 
b7 
00 
c1 
01 
81 
01 
41 
01 
01 
02 
00 
00 
e5 
00 
c2 
08 
85 
18 
10 
00 
f6 
00 
f8 
00 
c5 
18 
d2 
10 
20 
00 
d4 
fa 
c5 
18 
f6 
00 
f5 
18 
9f 
fa 
c4 
14 
a4 
14 
9f 
f3 
f0 
ff 
5f 
fa 
01 
fc 
71 
01 
41 
80 
61 
03 
21 
03 
41 
03 
51 
03 
81 
01 
91 
01 
11 
02 
81 
02 
91 
02 
31 
03 
a1 
01 
b1 
01 
05 
00 
05 
00 
8b 
14 
10 
00 
f0 
ff 
00 
00 
8b 
14 
09 
04 
0c 
00 
49 
00 
24 
00 
f4 
ff 
99 
00 
04 
00 
09 
06 
44 
10 
f9 
06 
f4 
ff 
c4 
ff 
94 
ff 
0b 
02 
49 
00 
07 
0c 
09 
00 
07 
0c 
09 
00 
fd 
00 
9e 
b9 
0d 
00 
09 
fa 
c1 
03 
81 
03 
41 
03 
01 
03 
c1 
02 
81 
02 
41 
02 
01 
02 
c1 
01 
81 
01 
41 
01 
01 
01 
c1 
00 
01 
04 
00 
00 
49 
00 
44 
00 
f7 
ff 
87 
04 
04 
00 
07 
f6 
89 
18 
8a 
00 
49 
00 
f6 
00 
07 
02 
c9 
18 
f6 
00 
06 
02 
44 
08 
0a 
00 
07 
00 
49 
00 
a7 
f1 
0d 
00 
37 
f5 
1f 
f1 
07 
00 
9f 
fe 
89 
00 
1f 
fb 
44 
08 
07 
00 
5f 
fd 
09 
00 
09 
00 
07 
00 
09 
ee 
1f 
f4 
00 
00 
df 
fe 
01 
ff 
11 
00 
81 
00 
05 
00 
c0 
52 
c1 
00 
80 
40 
f5 
00 
81 
00 
f0 
ff 
01 
01 
00 
00 
00 
00 
00 
40 
00 
00 
05 
fc 
00 
00 
80 
03 
00 
00 
05 
fa 
00 
00 
06 
00 
00 
00 
07 
00 
e0 
03 
00 
00 
05 
f8 
f5 
41 
00 
00 
00 
00 
f0 
03 
00 
00 
05 
f8 
00 
00 
00 
00 
00 
04 
00 
00 
05 
f6 
00 
00 
00 
00 
00 
00 
00 
05 
00 
00 
05 
f4 
00 
00 
00 
00 
00 
00 
e0 
40 
00 
00 
05 
f2 
00 
00 
00 
00 
00 
00 
f0 
40 
00 
00 
05 
f2 
00 
00 
f0 
04 
00 
00 
05 
f0 
00 
00 
00 
00 
00 
00 
90 
40 
00 
00 
05 
ee 
00 
00 
00 
03 
00 
00 
05 
ee 
00 
00 
00 
00 
00 
00 
00 
00 
90 
03 
00 
00 
05 
ec 
00 
00 
00 
00 
00 
00 
10 
40 
00 
00 
05 
ea 
00 
00 
00 
00 
00 
00 
00 
00 
20 
40 
00 
00 
05 
e8 
00 
00 
01 
ff 
11 
00 
80 
3c 
c1 
00 
c0 
00 
f5 
00 
01 
01 
f0 
ff 
00 
00 
01 
ff 
11 
00 
40 
3a 
c1 
00 
b0 
00 
f5 
00 
01 
01 
f0 
ff 
00 
00 
10 
00 
00 
00 
01 
ff 
11 
00 
80 
37 
c1 
00 
60 
01 
f5 
00 
01 
01 
f0 
ff 
00 
00 
01 
ff 
11 
00 
40 
35 
c1 
00 
a0 
00 
f5 
00 
01 
01 
f0 
ff 
00 
00 
01 
f8 
01 
00 
00 
00 
00 
00 
00 
05 
00 
00 
05 
de 
f0 
ff 
f5 
00 
01 
01 
d5 
00 
15 
00 
01 
08 
00 
00 
01 
fe 
81 
00 
81 
83 
04 
00 
44 
00 
91 
00 
11 
00 
d7 
00 
05 
00 
07 
02 
81 
83 
00 
00 
00 
00 
00 
00 
90 
0a 
00 
00 
05 
d8 
01 
00 
00 
00 
00 
00 
00 
00 
90 
0a 
00 
00 
05 
d6 
04 
00 
01 
00 
44 
00 
41 
00 
a7 
40 
a7 
00 
b7 
40 
0f 
00 
f5 
40 
06 
24 
00 
00 
40 
12 
84 
00 
81 
00 
c1 
01 
04 
00 
e7 
40 
f5 
00 
a4 
00 
04 
00 
04 
00 
f0 
ff 
81 
01 
41 
01 
01 
02 
00 
00 
00 
00 
00 
00 
00 
00 
90 
0a 
00 
00 
05 
ce 
00 
00 
00 
00 
00 
00 
05 
00 
e5 
00 
f5 
00 
00 
00 
00 
00 
f0 
ff 
00 
00 
f0 
ff 
00 
00 
f0 
ff 
00 
00 
f0 
ff 
00 
00 
00 
00 
00 
00 
20 
00 
f5 
00 
0f 
00 
05 
24 
00 
00 
f0 
ff 
00 
00 
01 
81 
05 
00 
07 
00 
81 
84 
e1 
80 
e7 
00 
00 
00 
00 
00 
00 
00 
60 
0d 
00 
00 
05 
c4 
01 
81 
f0 
ff 
d7 
00 
f5 
00 
a1 
80 
06 
00 
07 
00 
00 
00 
00 
00 
00 
00 
00 
00 
d0 
05 
00 
00 
05 
c0 
00 
00 
01 
fd 
91 
01 
01 
00 
81 
02 
fc 
ff 
61 
01 
a4 
00 
c4 
00 
21 
03 
31 
01 
81 
01 
05 
00 
05 
01 
05 
00 
0b 
00 
04 
00 
11 
02 
91 
02 
41 
01 
51 
01 
06 
00 
71 
01 
a1 
01 
06 
01 
06 
00 
80 
0c 
05 
00 
04 
00 
0c 
00 
80 
0b 
05 
00 
0b 
00 
0c 
00 
80 
0a 
05 
00 
0b 
00 
0b 
00 
80 
09 
95 
00 
0a 
01 
a7 
00 
95 
00 
94 
01 
01 
00 
f7 
ff 
e5 
00 
05 
01 
ea 
00 
0d 
00 
09 
00 
04 
01 
87 
00 
e4 
00 
80 
05 
05 
00 
09 
00 
0a 
00 
80 
04 
c1 
02 
a9 
00 
85 
00 
04 
00 
81 
02 
41 
02 
01 
02 
c1 
01 
81 
01 
41 
01 
01 
01 
c1 
00 
81 
00 
41 
00 
01 
00 
01 
03 
00 
00 
05 
00 
00 
00 
f5 
01 
06 
00 
c5 
00 
15 
00 
16 
00 
05 
fe 
00 
00 
81 
80 
00 
00 
00 
00 
01 
00 
01 
00 
00 
00 
00 
00 
00 
00 
52 
00 
01 
01 
02 
00 
00 
00 
00 
00 
ff 
ff 
00 
00 
00 
00 
00 
00 
00 
00 
ff 
ff 
00 
00 
0e 
10 
08 
7e 
7f 
00 
00 
00 
00 
00 
ff 
ff 
00 
00 
0e 
10 
08 
7e 
12 
7c 
09 
7d 
7f 
00 
00 
00 
00 
00 
ff 
ff 
00 
00 
0e 
10 
08 
7e 
7d 
64 
7f 
00 
00 
00 
00 
00 
ff 
ff 
00 
00 
0e 
20 
08 
7e 
09 
7d 
01 
7f 
00 
00 
00 
00 
ff 
ff 
00 
00 
0e 
40 
17 
77 
16 
78 
12 
7c 
7a 
11 
11 
18 
19 
75 
7f 
11 
11 
09 
13 
7b 
74 
11 
00 
00 
00 
00 
00 
00 
ff 
ff 
00 
00 
0e 
10 
01 
7f 
7e 
00 
00 
00 
00 
00 
ff 
ff 
00 
00 
00 
00 
00 
00 
00 
00 
ff 
ff 
00 
00 
00 
00 
00 
00 
00 
00 
ff 
ff 
00 
00 
00 
00 
00 
00 
00 
00 
ff 
ff 
00 
00 
00 
00 
00 
00 
00 
00 
ff 
ff 
00 
00 
00 
00 
00 
00 
00 
00 
ff 
ff 
00 
00 
00 
00 
00 
00 
00 
00 
ff 
ff 
00 
00 
00 
00 
00 
00 
00 
00 
ff 
ff 
00 
00 
00 
00 
00 
00 
00 
00 
ff 
ff 
00 
00 
00 
00 
00 
00 
00 
00 
ff 
ff 
00 
00 
00 
00 
00 
00 
00 
00 
ff 
ff 
00 
00 
00 
00 
00 
00 
00 
00 
ff 
ff 
00 
00 
00 
00 
00 
00 
00 
00 
ff 
ff 
00 
00 
00 
00 
00 
00 
00 
00 
ff 
ff 
00 
00 
00 
00 
00 
00 
00 
00 
ff 
ff 
00 
00 
0e 
10 
01 
7f 
00 
00 
00 
00 
ff 
ff 
00 
00 
0e 
10 
01 
7f 
00 
00 
00 
00 
ff 
ff 
00 
00 
00 
00 
00 
00 
00 
00 
ff 
ff 
00 
00 
0e 
10 
01 
7f 
00 
00 
00 
00 
ff 
ff 
00 
00 
0e 
10 
01 
7f 
00 
00 
00 
00 
ff 
ff 
00 
00 
0e 
80 
00 
00 
00 
00 
00 
00 
ff 
ff 
00 
00 
0e 
20 
08 
7e 
09 
7d 
7f 
00 
00 
00 
00 
00 
ff 
ff 
00 
00 
00 
00 
00 
00 
00 
00 
ff 
ff 
00 
00 
00 
00 
00 
00 
00 
00 
ff 
ff 
00 
00 
00 
00 
00 
00 
00 
00 
ff 
ff 
00 
00 
00 
00 
00 
00 
00 
00 
ff 
ff 
00 
00 
00 
00 
00 
00 
00 
00 
ff 
ff 
00 
00 
00 
00 
00 
00 
00 
00 
ff 
ff 
00 
00 
00 
00 
00 
00 
00 
00 
ff 
ff 
00 
00 
00 
00 
00 
00 
00 
00 
ff 
ff 
00 
00 
00 
00 
00 
00 
00 
00 
ff 
ff 
00 
00 
00 
00 
00 
00 
00 
00 
ff 
ff 
00 
00 
0e 
30 
19 
75 
08 
7e 
16 
78 
12 
7c 
7b 
11 
64 
11 
11 
09 
14 
7a 
79 
4c 
77 
11 
00 
00 
00 
00 
00 
00 
ff 
ff 
00 
00 
00 
00 
00 
00 
00 
00 
00 
00 
01 
00 
01 
00 
01 
00 
00 
00 
00 
00 
00 
00 
00 
00 
00 
00 
00 
00 
00 
00 
00 
00 
00 
00 
01 
00 
00 
00 
00 
00 
00 
00 
00 
00 
00 
00 
00 
00 
00 
00 
00 
00 
00 
00 
00 
00 
00 
00 
00 
00 
00 
00 
00 
00 
00 
00 
00 
00 
00 
00 
00 
00 
00 
00 
00 
00 
00 
00 
00 
00 
00 
00 
00 
00 
00 
00 
00 
00 
00 
00 
00 
00 
00 
00 
00 
00 
cd 
ab 
6d 
e6 
05 
00 
00 
00 
00 
00 
00 
00 
00 
00 
00 
00 
00 
00 
00 
00 
00 
00 
00 
00 
00 
00 
00 
00 
00 
00 
00 
00 
00 
00 
00 
00 
00 
00 
00 
00 
00 
00 
00 
00 
00 
00 
00 
00 
00 
00 
00 
00 
00 
00 
00 
00 
00 
00 
00 
00 
00 
00 
00 
00 
00 
00 
00 
00 
00 
00 
00 
00 
00 
00 
00 
00 
00 
00 
00 
00 
00 
00 
00 
00 
00 
00 
00 
00 
00 
00 
00 
00 
00 
00 
00 
00 
00 
00 
00 
00 
00 
00 
00 
00 
00 
00 
00 
00 
00 
00 
00 
00 
00 
00 
00 
00 
00 
00 
00 
00 
00 
00 
00 
00 
00 
00 
00 
00 
00 
00 
00 
00 
00 
00 
00 
00 
00 
00 
00 
00 
00 
00 
00 
00 
00 
00 
00 
00 
00 
00 
00 
00 
00 
00 
00 
00 
00 
00 
00 
00 
00 
00 
00 
00 
00 
00 
00 
00 
00 
00 
00 
00 
00 
00 
00 
00 
00 
00 
00 
00 
00 
00 
00 
00 
00 
00 
00 
00 
00 
00 
00 
00 
00 
00 
00 
00 
00 
00 
00 
00 
00 
00 
00 
00 
00 
00 
00 
00 
00 
00 
00 
00 
00 
00 
00 
00 
00 
00 
00 
00 
00 
00 
00 
00 
00 
00 
00 
00 
00 
00 
00 
00 
00 
00 
00 
00 
00 
00 
00 
00 
00 
00 
00 
00 
00 
00 
00 
00 
00 
00 
00 
00 
00 
00 
00 
00 
00 
00 
00 
00 
00 
00 
00 
00 
00 
00 
00 
00 
00 
00 
00 
00 
00 
00 
00 
00 
00 
00 
00 
00 
00 
00 
00 
00 
00 
00 
00 
00 
00 
00 
00 
00 
00 
00 
00 
00 
00 
00 
00 
00 
00 
00 
00 
00 
00 
00 
00 
00 
00 
00 
00 
00 
00 
00 
00 
00 
00 
00 
00 
00 
00 
00 
00 
00 
00 
00 
00 
00 
00 
00 
00 
00 
00 
00 
00 
00 
00 
00 
00 
00 
00 
00 
00 
00 
00 
00 
00 
00 
00 
00 
00 
00 
00 
00 
00 
00 
00 
00 
00 
00 
00 
00 
00 
00 
00 
00 
00 
00 
00 
00 
00 
00 
00 
00 
00 
00 
00 
00 
00 
00 
00 
00 
00 
00 
00 
00 
00 
00 
00 
00 
00 
00 
00 
00 
00 
00 
00 
00 
00 
00 
00 
00 
00 
00 
00 
00 
00 
00 
00 
00 
00 
00 
00 
00 
00 
00 
00 
00 
00 
00 
00 
00 
00 
00 
00 
00 
00 
00 
00 
00 
00 
00 
00 
00 
00 
00 
00 
00 
00 
00 
00 
00 
00 
00 
00 
00 
00 
00 
00 
00 
01 
00 
01 
00 
00 
00 
00 
00 
00 
00 
00 
00 
00 
00 
00 
00 
00 
00 
00 
00 
00 
00 
00 
00 
00 
00 
00 
00 
00 
00 
00 
00 
00 
00 
00 
00 
00 
00 
00 
00 
00 
00 
00 
00 
00 
00 
00 
00 
00 
00 
00 
00 
00 
00 
00 
00 
00 
00 
00 
00 
00 
00 
00 
00 
00 
00 
00 
00 
00 
00 
00 
00 
00 
00 
00 
00 
00 
00 
00 
00 
00 
00 
00 
00 
00 
00 
00 
00 
00 
00 
00 
00 
00 
00 
00 
00 
00 
00 
00 
00 
00 
00 
00 
00 
00 
00 
00 
00 
00 
00 
00 
00 
00 
00 
00 
00 
00 
00 
00 
00 
00 
00 
00 
00 
00 
00 
00 
00 
00 
00 
00 
00 
00 
00 
00 
00 
00 
00 
00 
00 
00 
00 
00 
00 
00 
00 
00 
00 
00 
00 
00 
00 
00 
00 
00 
00 
00 
00 
00 
00 
00 
00 
00 
00 
00 
00 
00 
00 
00 
00 
00 
00 
00 
00 
00 
00 
00 
00 
00 
00 
00 
00 
00 
00 
00 
00 
00 
00 
00 
00 
00 
00 
00 
00 
00 
00 
00 
00 
00 
00 
00 
00 
00 
00 
00 
00 
00 
00 
00 
00 
00 
00 
00 
00 
00 
00 
00 
00 
00 
00 
00 
00 
00 
00 
00 
00 
00 
00 
00 
00 
00 
00 
00 
00 
00 
00 
00 
00 
00 
00 
00 
00 
00 
00 
00 
00 
00 
00 
00 
00 
00 
00 
00 
00 
00 
00 
00 
00 
00 
00 
00 
00 
00 
00 
00 
00 
00 
00 
00 
00 
00 
00 
00 
00 
00 
00 
00 
00 
00 
00 
00 
00 
00 
00 
00 
00 
00 
00 
00 
00 
00 
00 
00 
00 
00 
00 
00 
00 
00 
00 
00 
00 
00 
00 
00 
00 
00 
00 
00 
00 
00 
00 
00 
00 
00 
00 
00 
00 
00 
00 
00 
00 
00 
00 
00 
00 
00 
00 
00 
00 
00 
00 
00 
00 
00 
00 
00 
00 
00 
00 
00 
00 
00 
00 
00 
00 
00 
00 
00 
00 
00 
00 
00 
00 
00 
00 
00 
00 
00 
00 
00 
00 
00 
00 
00 
00 
00 
00 
00 
00 
00 
00 
00 
00 
00 
00 
00 
00 
00 
00 
00 
00 
00 
00 
00 
00 
00 
00 
00 
00 
00 
00 
00 
00 
00 
00 
00 
00 
00 
00 
00 
00 
00 
00 
00 
00 
00 
00 
00 
00 
00 
00 
00 
00 
00 
00 
00 
00 
00 
00 
00 
00 
00 
00 
00 
00 
00 
00 
00 
00 
00 
00 
00 
00 
00 
00 
00 
00 
00 
00 
00 
00 
00 
00 
00 
00 
00 
00 
00 
00 
00 
00 
00 
00 
00 
00 
00 
00 
00 
00 
00 
00 
00 
00 
00 
00 
00 
00 
00 
00 
00 
00 
00 
00 
00 
00 
00 
00 
00 
00 
00 
00 
00 
00 
00 
00 
00 
00 
00 
00 
00 
00 
00 
00 
00 
00 
00 
00 
00 
00 
00 
00 
00 
00 
00 
00 
00 
00 
00 
00 
00 
00 
00 
00 
00 
00 
00 
00 
00 
00 
00 
00 
00 
00 
00 
00 
00 
00 
00 
00 
00 
00 
00 
00 
00 
00 
00 
00 
00 
00 
00 
00 
00 
00 
00 
00 
00 
00 
00 
00 
00 
00 
00 
00 
00 
00 
00 
00 
00 
00 
00 
00 
00 
00 
00 
00 
00 
00 
00 
00 
00 
00 
00 
00 
00 
00 
00 
00 
00 
00 
00 
00 
00 
00 
00 
00 
00 
00 
00 
00 
00 
00 
00 
00 
00 
00 
00 
00 
00 
00 
00 
00 
00 
00 
00 
00 
00 
00 
00 
00 
00 
00 
00 
00 
00 
00 
00 
00 
00 
00 
00 
00 
00 
00 
00 
00 
00 
00 
00 
00 
00 
00 
00 
00 
00 
00 
00 
00 
00 
00 
00 
00 
00 
00 
00 
00 
00 
00 
00 
00 
00 
00 
00 
00 
00 
00 
00 
00 
00 
00 
00 
00 
00 
00 
00 
00 
00 
00 
00 
00 
00 
00 
00 
00 
00 
00 
00 
00 
00 
00 
00 
00 
00 
00 
00 
00 
00 
00 
00 
00 
00 
00 
00 
00 
00 
00 
00 
00 
00 
00 
00 
00 
00 
00 
00 
00 
00 
00 
00 
00 
00 
00 
00 
00 
00 
00 
00 
00 
00 
00 
00 
00 
00 
00 
00 
00 
00 
00 
00 
00 
00 
00 
00 
00 
00 
00 
00 
00 
00 
00 
00 
00 
00 
00 
00 
00 
00 
00 
00 
00 
00 
00 
00 
00 
00 
00 
00 
00 
00 
00 
00 
00 
00 
00 
00 
00 
00 
00 
00 
00 
00 
00 
00 
00 
00 
00 
00 
00 
00 
00 
00 
00 
00 
00 
00 
00 
00 
00 
00 
00 
00 
00 
00 
00 
00 
00 
00 
00 
00 
00 
00 
00 
00 
00 
00 
00 
00 
00 
00 
00 
00 
00 
00 
00 
00 
00 
00 
00 
00 
00 
00 
00 
00 
00 
00 
00 
00 
00 
00 
00 
00 
00 
00 
00 
00 
00 
00 
00 
00 
00 
00 
00 
00 
00 
00 
00 
00 
00 
00 
00 
00 
00 
00 
00 
00 
00 
00 
00 
00 
00 
00 
00 
00 
00 
00 
00 
00 
00 
00 
00 
00 
00 
00 
00 
00 
00 
00 
00 
00 
00 
00 
00 
00 
00 
00 
00 
00 
00 
00 
00 
00 
00 
00 
00 
00 
00 
00 
00 
00 
00 
00 
00 
00 
00 
00 
00 
00 
00 
00 
00 
00 
00 
00 
00 
00 
00 
00 
00 
00 
00 
00 
00 
00 
00 
00 
00 
00 
00 
00 
00 
00 
00 
00 
00 
00 
00 
00 
00 
00 
00 
00 
00 
00 
00 
00 
00 
00 
00 
00 
00 
00 
00 
00 
00 
00 
00 
00 
00 
00 
00 
00 
00 
00 
00 
00 
00 
00 
00 
00 
00 
00 
00 
00 
00 
00 
00 
00 
00 
00 
00 
00 
00 
00 
00 
00 
00 
00 
00 
00 
00 
00 
00 
00 
00 
00 
00 
00 
00 
00 
00 
00 
00 
00 
00 
00 
00 
00 
00 
00 
00 
00 
00 
00 
00 
00 
00 
00 
00 
00 
00 
00 
00 
00 
00 
00 
00 
00 
00 
00 
00 
00 
00 
00 
00 
00 
00 
00 
00 
00 
00 
00 
00 
00 
00 
00 
00 
00 
00 
00 
00 
00 
00 
00 
00 
00 
00 
00 
00 
00 
00 
00 
00 
00 
00 
00 
00 
00 
00 
00 
00 
00 
00 
00 
00 
00 
00 
00 
00 
00 
00 
00 
00 
00 
00 
00 
00 
00 
00 
00 
00 
00 
00 
00 
00 
00 
00 
00 
00 
00 
00 
00 
00 
00 
00 
00 
00 
00 
00 
00 
00 
00 
00 
00 
00 
00 
00 
00 
00 
00 
00 
00 
00 
00 
00 
00 
00 
00 
00 
00 
00 
00 
00 
00 
00 
00 
00 
00 
00 
00 
00 
00 
00 
00 
00 
00 
00 
00 
00 
00 
00 
00 
00 
00 
00 
00 
00 
00 
00 
00 
00 
00 
00 
00 
00 
00 
00 
00 
00 
00 
00 
00 
00 
00 
00 
00 
00 
00 
00 
00 
00 
00 
00 
00 
00 
00 
00 
00 
00 
00 
00 
00 
00 
00 
00 
00 
00 
00 
00 
00 
00 
00 
00 
00 
00 
00 
00 
00 
00 
00 
00 
00 
00 
00 
00 
00 
00 
00 
00 
00 
00 
00 
00 
00 
00 
00 
00 
00 
00 
00 
00 
00 
00 
00 
00 
00 
00 
00 
00 
00 
00 
00 
00 
00 
00 
00 
00 
00 
00 
00 
00 
00 
00 
00 
00 
00 
00 
00 
00 
00 
00 
00 
00 
00 
00 
00 
00 
00 
00 
00 
00 
00 
00 
00 
00 
00 
00 
00 
00 
00 
00 
00 
00 
00 
00 
00 
00 
00 
00 
00 
00 
00 
00 
00 
00 
00 
00 
00 
00 
00 
00 
00 
00 
00 
00 
00 
00 
00 
00 
00 
00 
00 
00 
00 
00 
00 
00 
00 
00 
00 
00 
00 
00 
00 
00 
00 
00 
00 
00 
00 
00 
00 
00 
00 
00 
00 
00 
00 
00 
00 
00 
00 
00 
00 
00 
00 
00 
00 
00 
00 
00 
00 
00 
00 
00 
00 
00 
00 
00 
00 
00 
00 
00 
00 
00 
00 
00 
00 
00 
00 
00 
00 
00 
00 
00 
00 
00 
00 
00 
00 
00 
00 
00 
00 
00 
00 
00 
00 
00 
00 
00 
00 
00 
00 
00 
00 
00 
00 
00 
00 
00 
00 
00 
00 
00 
00 
00 
00 
00 
00 
00 
00 
00 
00 
00 
00 
00 
00 
00 
00 
00 
00 
00 
00 
00 
00 
00 
00 
00 
00 
00 
00 
00 
00 
00 
00 
00 
00 
00 
00 
00 
00 
00 
00 
00 
00 
00 
00 
00 
00 
00 
00 
00 
00 
00 
00 
00 
00 
00 
00 
00 
00 
00 
00 
00 
00 
00 
00 
00 
00 
00 
00 
00 
00 
00 
00 
00 
00 
00 
00 
00 
00 
00 
00 
00 
00 
00 
00 
00 
00 
00 
00 
00 
00 
00 
00 
00 
00 
00 
00 
00 
00 
00 
00 
00 
00 
00 
00 
00 
00 
00 
00 
00 
00 
00 
00 
00 
00 
00 
00 
00 
00 
00 
00 
00 
00 
00 
00 
00 
00 
00 
00 
00 
00 
00 
00 
00 
00 
00 
00 
00 
00 
00 
00 
00 
00 
00 
00 
00 
00 
00 
00 
00 
00 
00 
00 
00 
00 
00 
00 
00 
00 
00 
00 
00 
00 
00 
00 
00 
00 
00 
00 
00 
00 
00 
00 
00 
00 
00 
00 
00 
00 
00 
00 
00 
00 
00 
00 
00 
00 
00 
00 
00 
00 
00 
00 
00 
00 
00 
00 
00 
00 
00 
00 
00 
00 
00 
00 
00 
00 
00 
00 
00 
00 
00 
00 
00 
00 
00 
00 
00 
00 
00 
00 
00 
00 
00 
00 
00 
00 
00 
00 
00 
00 
00 
00 
00 
00 
00 
00 
00 
00 
00 
00 
00 
00 
00 
00 
00 
00 
00 
00 
00 
00 
00 
00 
00 
00 
00 
00 
00 
00 
00 
00 
00 
00 
00 
00 
00 
00 
00 
00 
00 
00 
00 
00 
00 
00 
00 
00 
00 
00 
00 
00 
00 
00 
00 
00 
00 
00 
00 
00 
00 
00 
00 
00 
00 
00 
00 
00 
00 
00 
00 
00 
00 
00 
00 
